	mFMI	AUROC
0	0.9781005769323132	0.8768747820020928
1	0.8716834688310244	0.8137566137566138
2	0.6282601536997547	0.6861702127659575
3	0.6551724137931034	0.6218623481781376
4	0.7326706453074445	0.7301587301587302
5	0.8821766879923103	0.8176366843033509
6	0.6374769993277634	0.7201034259857789
7	0.821806792213494	0.7322896281800391
8	0.9174764435054832	0.8452012383900929
9	0.8275862068965518	0.7510468214693566
10	0.7465210565749489	0.7617260787992495
11	0.5660758098998504	0.6672914714151827
12	0.6464411843037574	0.6732336956521738
13	0.6801312170608141	0.7545454545454545
14	0.8555651138221345	0.7806637806637806
15	0.8873517424372936	0.8113604488078541
16	0.5416622045689438	0.6912499999999999
17	0.844549427063092	0.7895886421550783
18	0.9691370060187172	0.8498789346246973
19	0.9646091710693199	0.8916666666666666
20	0.41938888483339243	0.6355140186915889
21	0.9076037267478887	0.7910806174957119
22	0.7255722268549067	0.7990361445783133
23	0.7532838820229355	0.8214285714285714
24	0.5883537154585707	0.7250280583613917
25	0.8873517424372936	0.7982954545454546
26	0.6551724137931034	0.7234567901234568
27	0.8609903249197006	0.8045140152894066
28	0.9174764435054832	0.8286893704850361
29	0.8873517424372936	0.8045138888888889
30	0.6187679968965227	0.7462006079027356
31	0.7665088467352743	0.7557565789473684
32	0.7035087672755649	0.7994318181818182
33	0.9956761004948893	0.9338103756708408
34	0.8275862068965518	0.753858024691358
35	0.9691370060187172	0.8809027777777778
36	0.5774471273246495	0.6959183673469388
37	0.9461754798133026	0.8558651530787753
38	0.7109982771938708	0.7783132530120482
39	0.6464411843037574	0.6998480243161094
40	0.973633933161081	0.8670138888888889
41	0.514347578727573	0.7572815533980582
42	0.6720030510931558	0.7598765432098765
43	0.9174764435054832	0.8398478035281909
44	0.6958737892241017	0.6909090909090909
45	0.7856568535203525	0.7553453947368421
46	0.79187034633686	0.7321144674085851
47	0.7980046766803777	0.7142269736842105
48	0.8333017547621759	0.8136029411764706
49	0.79187034633686	0.7175757575757575
50	0.8873517424372936	0.7496527777777777
51	0.5660758098998504	0.71375
52	0.3103448275862069	
53	0.7793610520253602	0.7289393278044523
54	0.8389555074743411	0.7786764705882353
55	0.7980046766803777	0.7997685185185185
56	0.9691370060187172	0.8475694444444444
57	0.7465210565749489	0.6910843373493976
58	0.5774471273246495	0.57375
59	0.5883537154585707	0.6183673469387755
60	1.0	0.9368686868686869
61	0.6282601536997547	0.6673835125448029
62	0.4827586206896552	0.5913461538461539
63	0.9913247468321207	0.9194991055456172
64	0.8924807936597976	0.8416666666666667
65	0.8609903249197006	0.7533088235294118
66	0.41938888483339243	0.5471698113207547
67	0.4645564122413648	0.5396825396825398
68	0.9319915992179293	0.8089193825042882
69	0.7532838820229355	0.7678571428571428
70	0.5660758098998504	0.6655443322109988
71	0.6636879574468828	0.6915760869565217
72	0.9646091710693199	0.8562068965517241
73	0.3103448275862069	
74	0.4645564122413648	0.7428571428571429
75	0.6464411843037574	0.7879939209726443
76	0.7980046766803777	0.7769318614389037
77	0.9076037267478887	0.8184019370460048
78	0.8333017547621759	0.7511923688394276
79	0.9076037267478887	0.8039148351648352
80	0.6374769993277634	0.7318996415770609
81	0.7109982771938708	0.6951286261631089
82	1.0	0.9368686868686869
83	0.514347578727573	0.553921568627451
84	0.9319915992179293	0.8576329331046312
85	0.7255722268549067	0.7692307692307692
86	0.7255722268549067	0.7495039682539683
87	0.5660758098998504	0.7642857142857142
88	0.7980046766803777	0.746422893481717
89	1.0	0.9368686868686869
90	0.8100474740065324	0.7293322734499206
91	0.844549427063092	0.8098845598845599
92	0.7183503298689391	0.6925831202046036
93	0.9461754798133026	0.869639794168096
94	0.5774471273246495	0.661668228678538
95	0.973633933161081	0.8712940355772585
96	0.8716834688310244	0.8217893217893217
97	0.8975650471009105	0.8077601410934745
98	0.79187034633686	0.7557565789473684
99	0.90260565645923	0.8398478035281909
100	0.7255722268549067	0.7192460317460317
101	0.514347578727573	0.6916548797736917
102	0.7856568535203525	0.7645580226225388
103	0.982537541021308	0.9037037037037037
104	0.6187679968965227	0.6728744939271255
105	0.8821766879923103	0.8384641992390176
106	0.9913247468321207	0.9325284090909091
107	0.7109982771938708	0.7176136363636363
108	0.8100474740065324	0.7297297297297297
109	0.7035087672755649	0.7416879795396419
110	0.7465210565749489	0.7570356472795498
111	0.5660758098998504	0.6745230078563411
112	0.9271911662068386	0.8507718696397941
113	0.8159613206419027	0.7550154320987654
114	0.8389555074743411	0.7863970588235294
115	0.973633933161081	0.8552083333333333
116	0.5774471273246495	0.6970486111111112
117	0.7109982771938708	0.7886904761904762
118	0.8609903249197006	0.7431127012522362
119	0.9461754798133026	0.8785689714482284
120	0.6374769993277634	0.7327935222672064
121	0.9691370060187172	0.8852459016393442
122	0.9600497821178198	0.810782967032967
123	0.9367552456753432	0.8549382716049383
124	0.90260565645923	0.7917683990233694
125	0.9869454093223651	0.9029982363315696
126	0.821806792213494	0.7134340222575517
127	0.9781005769323132	0.9154978962131837
128	0.6187679968965227	0.668693009118541
129	0.7183503298689391	0.6807610993657505
130	0.8873517424372936	0.8094085091663784
131	0.4992146750017814	0.7766990291262136
132	0.7856568535203525	0.7241653418124006
133	0.7980046766803777	0.7166940789473684
134	0.9508336421036796	0.8517371861025111
135	0.7532838820229355	0.725609756097561
136	0.90260565645923	0.7952563655388908
137	0.8159613206419027	0.7313195548489666
138	0.3103448275862069	
139	0.7793610520253602	0.7756410256410257
140	0.8389555074743411	0.7534722222222222
141	0.7729795815516807	0.7094017094017093
142	0.7396517102754736	0.74906191369606
143	0.4438959774554282	0.7206349206349206
144	0.79187034633686	0.7389786119598429
145	0.9508336421036796	0.867561059511524
146	0.8924807936597976	0.7355992844364938
147	0.8333017547621759	0.7819548872180451
148	0.4438959774554282	0.8632075471698113
149	0.8555651138221345	0.7502730251183108
150	0.7465210565749489	0.6857831325301205
151	0.7109982771938708	0.7256871035940804
152	0.7599449934622517	0.7004608294930876
153	0.3103448275862069	
154	0.8716834688310244	0.85546875
155	0.7255722268549067	0.6901204819277109
156	0.9956761004948893	0.9194991055456172
157	0.8500853738792595	0.792128801431127
158	0.90260565645923	0.8491871324801107
159	0.7183503298689391	0.6395180722891567
160	0.3874506199137859	0.6448598130841121
161	0.7035087672755649	0.7246852764094143
162	0.9319915992179293	0.8277873070325901
163	0.8609903249197006	0.845438282647585
164	0.9271911662068386	0.8743131868131868
165	0.9414829385421768	0.8870192307692307
166	0.8100474740065324	0.6533333333333333
167	0.7183503298689391	0.7191815856777494
168	0.9414829385421768	0.8352253181974544
169	0.9554581701334381	0.8448275862068966
170	0.41938888483339243	0.5
171	0.514347578727573	0.7892503536067892
172	0.8389555074743411	0.774264705882353
173	0.7665088467352743	0.7165178571428572
174	0.8333017547621759	0.724436090225564
175	0.5541747521332923	0.5685997171145686
176	0.6089742771670479	0.6822867853795689
177	1.0	0.9368686868686869
178	0.3874506199137859	0.8598130841121495
179	0.7255722268549067	0.7306024096385542
180	0.8389555074743411	0.7417316982534374
181	0.8663626033309346	0.8199573863636364
182	0.821806792213494	0.7778195488721804
183	0.9554581701334381	0.8540297474922172
184	0.8975650471009105	0.7570126227208976
185	0.6374769993277634	0.6261398176291793
186	0.90260565645923	0.8496732026143791
187	0.8609903249197006	0.7588778409090909
188	0.844549427063092	0.8132352941176471
189	0.7793610520253602	0.7094594594594594
190	0.7856568535203525	0.7172182656053624
191	0.6551724137931034	0.7302989130434783
192	0.5284329420805779	0.7171145685997171
193	0.9956761004948893	0.9194991055456172
194	0.8040627952853915	0.708839547549225
195	0.9691370060187172	0.9124520404604116
196	0.982537541021308	0.8867461430575035
197	0.5284329420805779	0.7581329561527581
198	0.3874506199137859	0.5981308411214954
199	0.844549427063092	0.7551470588235294
200	0.5883537154585707	0.753514526710403
201	1.0	0.9368686868686869
202	0.8873517424372936	0.80859375
203	0.982537541021308	0.9008818342151675
204	0.6374769993277634	0.6610942249240122
205	0.7729795815516807	0.7307692307692308
206	0.8609903249197006	0.7972301136363636
207	0.4992146750017814	0.5931372549019608
208	1.0	0.9368686868686869
209	0.8769543698329305	0.7715381932333449
210	0.8555651138221345	0.7692307692307692
211	0.8500853738792595	0.7867965367965368
212	0.6374769993277634	0.7655913978494624
213	0.7183503298689391	0.6405919661733614
214	0.9367552456753432	0.8253859348198971
215	0.8555651138221345	0.6848115721355158
216	0.688084522417356	0.6419753086419753
217	0.8500853738792595	0.78704040771751
218	0.688084522417356	0.6753400354819633
219	0.9913247468321207	0.9108664772727273
220	0.7665088467352743	0.714781746031746
221	0.6282601536997547	0.756079027355623
222	0.5284329420805779	0.7189542483660131
223	0.5660758098998504	0.77875
224	0.9646091710693199	0.8855946982908964
225	0.7599449934622517	0.8035792230467045
226	0.7665088467352743	0.7222222222222222
227	0.9414829385421768	0.8216123499142367
228	0.9508336421036796	0.8737931034482759
229	0.982537541021308	0.8984126984126984
230	0.8389555074743411	0.7963582311408398
231	0.9076037267478887	0.7732821764911056
232	0.8159613206419027	0.8283088235294118
233	0.9319915992179293	0.8346483704974271
234	0.7035087672755649	0.6600985221674878
235	0.8975650471009105	0.8114839156001383
236	0.5883537154585707	0.6438775510204082
237	0.8100474740065324	0.7718199608610568
238	0.7665088467352743	0.8144113950565564
239	0.9414829385421768	0.8689655172413793
240	0.688084522417356	0.7404891304347826
241	0.8159613206419027	0.7297297297297297
242	0.9414829385421768	0.8549382716049383
243	0.7599449934622517	0.7664646464646465
244	0.6374769993277634	0.6390577507598785
245	0.4645564122413648	0.8666666666666667
246	0.973633933161081	0.8939658179281479
247	0.6464411843037574	0.7336032388663968
248	0.8555651138221345	0.7567669172932331
249	0.8159613206419027	0.7037037037037037
250	0.688084522417356	0.6977272727272728
251	0.8975650471009105	0.7696649029982363
252	0.9174764435054832	0.8313873626373627
253	0.79187034633686	0.75
254	0.6551724137931034	0.6938271604938271
255	0.9600497821178198	0.8609477689380837
256	0.8389555074743411	0.7759398496240602
257	0.8716834688310244	0.7745028409090909
258	0.973633933161081	0.9302244039270687
259	0.7856568535203525	0.68125
260	0.8609903249197006	0.7645796064400716
261	0.4992146750017814	0.6582524271844661
262	0.982537541021308	0.9118165784832452
263	0.6187679968965227	0.7796352583586627
264	0.7980046766803777	0.7325119236883944
265	0.7729795815516807	0.7242798353909465
266	0.9691370060187172	0.9027777777777778
267	0.9319915992179293	0.8384219554030875
268	0.6282601536997547	0.7477203647416413
269	0.7035087672755649	0.7334428024083197
270	0.8609903249197006	0.8
271	0.9125603171232064	0.8125216188170183
272	0.6464411843037574	0.7218844984802432
273	0.7326706453074445	0.7288930581613509
274	0.7665088467352743	0.7376644736842105
275	0.6636879574468828	0.7705235940530059
276	0.5988482850117502	0.6987847222222222
277	0.6551724137931034	0.7275985663082437
278	0.8555651138221345	0.7889087656529516
279	0.6958737892241017	0.804849201655825
280	0.3103448275862069	
281	0.8716834688310244	0.8041125541125541
282	0.7465210565749489	0.6721536351165981
283	0.9271911662068386	0.880315500685871
284	0.8159613206419027	0.7984896661367249
285	0.8873517424372936	0.84375
286	0.8821766879923103	0.8001395186606208
287	0.8769543698329305	0.8078541374474053
288	0.6720030510931558	0.6215053763440861
289	0.7183503298689391	0.6901204819277109
290	0.5541747521332923	0.6475869809203143
291	0.9125603171232064	0.8219554030874785
292	0.9414829385421768	0.8211214310285517
293	0.7856568535203525	0.7149716281099956
294	0.8924807936597976	0.7994419253575166
295	0.5883537154585707	0.7255102040816326
296	0.4992146750017814	0.6524271844660194
297	0.8663626033309346	0.7408088235294117
298	0.7532838820229355	0.6799107142857144
299	0.9956761004948893	0.9194991055456172
300	0.7856568535203525	0.7619243421052632
301	0.8769543698329305	0.7717391304347826
302	0.6551724137931034	0.674551971326165
303	0.5541747521332923	0.6195286195286196
304	0.8159613206419027	0.7785209959123003
305	0.5774471273246495	0.6419868791002812
306	0.9125603171232064	0.8149294805641555
307	0.6282601536997547	0.7526041666666666
308	0.9223530810103051	0.7962264150943397
309	0.5660758098998504	0.6148078725398314
310	0.5988482850117502	0.5833333333333333
311	0.8333017547621759	0.7723665223665224
312	0.7465210565749489	0.7620535714285714
313	0.8159613206419027	0.7605633802816901
314	0.7183503298689391	0.7632135306553911
315	0.9125603171232064	0.783448275862069
316	0.8100474740065324	0.7185909980430528
317	0.6089742771670479	0.611336032388664
318	1.0	0.9368686868686869
319	0.6720030510931558	0.7419354838709677
320	0.8609903249197006	0.8032959326788218
321	0.6551724137931034	0.7226890756302521
322	0.5660758098998504	0.7263355201499531
323	0.7980046766803777	0.7002314814814814
324	0.6551724137931034	0.7218637992831541
325	0.8663626033309346	0.7876420454545454
326	0.7665088467352743	0.7664165103189493
327	0.7396517102754736	0.7494714587737843
328	0.7035087672755649	0.6382047071702244
329	0.5284329420805779	0.7369165487977369
330	0.6282601536997547	0.6717325227963526
331	0.9461754798133026	0.8595467032967032
332	0.9367552456753432	0.8633241758241759
333	0.9646091710693199	0.8547215496368039
334	0.5660758098998504	0.6825
335	0.9271911662068386	0.851114922813036
336	0.9554581701334381	0.8836805555555556
337	0.6801312170608141	0.736842105263158
338	0.8924807936597976	0.8139052231061916
339	0.9781005769323132	0.9270687237026648
340	0.9367552456753432	0.8251028806584362
341	0.6636879574468828	0.6521739130434783
342	0.9125603171232064	0.8219554030874785
343	0.8555651138221345	0.7233345467783037
344	0.8040627952853915	0.7462626262626262
345	0.7326706453074445	0.6796435272045028
346	0.9646091710693199	0.8777777777777778
347	0.6958737892241017	0.6605558840922532
348	0.5284329420805779	0.7050000000000001
349	0.4827586206896552	0.6009615384615384
350	0.6958737892241017	0.6227272727272728
351	0.8924807936597976	0.78125
352	0.4438959774554282	0.7333333333333334
353	0.688084522417356	0.7672915319974143
354	0.9319915992179293	0.8149038461538461
355	0.8159613206419027	0.7718600953895072
356	0.5883537154585707	0.6316326530612245
357	0.514347578727573	0.6775106082036775
358	0.7856568535203525	0.7405088062622309
359	0.3874506199137859	0.4953271028037384
360	0.7729795815516807	0.7349906191369606
361	0.514347578727573	0.6503267973856209
362	0.8500853738792595	0.7149758454106281
363	1.0	0.9368686868686869
364	0.8821766879923103	0.7774250440917108
365	0.9461754798133026	0.8491083676268861
366	0.4645564122413648	0.8666666666666667
367	0.7326706453074445	0.6770833333333333
368	0.8769543698329305	0.7922398589065256
369	0.7109982771938708	0.6792556102900931
370	0.9691370060187172	0.8578346592874437
371	0.8821766879923103	0.8031746031746032
372	0.6089742771670479	0.762753036437247
373	0.8663626033309346	0.8135653409090909
374	0.90260565645923	0.7785141262643879
375	0.9956761004948893	0.9368686868686869
376	0.8769543698329305	0.7568542568542569
377	0.7793610520253602	0.7307692307692308
378	0.4645564122413648	0.8197115384615384
379	0.8609903249197006	0.8433823529411765
380	0.6374769993277634	0.625
381	0.973633933161081	0.9079365079365079
382	0.7465210565749489	0.7468287526427062
383	0.8873517424372936	0.7380537146843391
384	0.5988482850117502	0.7207122774133083
385	0.6089742771670479	0.6777327935222672
386	0.9781005769323132	0.9171075837742504
387	0.6282601536997547	0.7228260869565217
388	0.7035087672755649	0.6675475687103594
389	0.4645564122413648	0.6412698412698412
390	0.8555651138221345	0.7535493265380415
391	0.688084522417356	0.6271604938271604
392	0.8663626033309346	0.7932900432900433
393	0.9554581701334381	0.8990384615384616
394	0.41938888483339243	0.4339622641509434
395	0.8609903249197006	0.7774170274170275
396	0.6551724137931034	0.751131221719457
397	0.7183503298689391	0.6961636828644502
398	0.6636879574468828	0.7343244990303814
399	0.8040627952853915	0.7264187866927593
400	0.8333017547621759	0.7198325085649029
401	0.7856568535203525	0.7567676767676768
402	0.9271911662068386	0.8174957118353345
403	0.8100474740065324	0.6907894736842105
404	0.8389555074743411	0.7855815681902638
405	0.6720030510931558	0.7563424947145877
406	0.7465210565749489	0.6901785714285714
407	0.41938888483339243	0.6728971962616823
408	0.7465210565749489	0.7202380952380952
409	0.9414829385421768	0.8113854595336076
410	0.9461754798133026	0.8531732418524871
411	0.6720030510931558	0.8296296296296296
412	0.7396517102754736	0.6505628517823641
413	0.5416622045689438	0.6425000000000001
414	0.8716834688310244	0.7688729874776387
415	0.5774471273246495	0.7743055555555556
416	0.90260565645923	0.8207417582417582
417	0.9271911662068386	0.8159614723082216
418	0.7465210565749489	0.6939759036144578
419	0.6720030510931558	0.7188106011635423
420	0.9554581701334381	0.8789346246973365
421	0.6089742771670479	0.7103942652329749
422	0.6958737892241017	0.7033388067870827
423	0.9414829385421768	0.8761578044596913
424	0.6636879574468828	0.6413580246913579
425	0.9319915992179293	0.8871355060034305
426	0.8333017547621759	0.7887218045112782
427	0.7465210565749489	0.6904435299497028
428	0.3874506199137859	0.5607476635514019
429	0.9956761004948893	0.9262969588550984
430	0.6374769993277634	0.7020242914979757
431	0.9600497821178198	0.8551724137931034
432	0.8500853738792595	0.782608695652174
433	0.9076037267478887	0.8218094255245958
434	0.8924807936597976	0.7982638888888889
435	0.5883537154585707	0.610204081632653
436	0.9956761004948893	0.9368686868686869
437	0.6720030510931558	0.6871673565937315
438	0.7109982771938708	0.7678571428571428
439	0.7035087672755649	0.6572420634920635
440	0.6551724137931034	0.6993827160493827
441	0.9691370060187172	0.8833333333333333
442	0.9319915992179293	0.8416895604395604
443	0.8389555074743411	0.7389879868947944
444	0.6187679968965227	0.6020408163265306
445	0.9367552456753432	0.8371056241426612
446	0.688084522417356	0.7432098765432098
447	0.4827586206896552	0.6476190476190475
448	0.5988482850117502	0.7060728744939271
449	0.8275862068965518	0.84132292827945
450	0.821806792213494	0.7575187969924813
451	0.4438959774554282	0.75
452	0.5660758098998504	0.7250280583613917
453	0.5416622045689438	0.6637500000000001
454	0.6187679968965227	0.626991565135895
455	1.0	0.9368686868686869
456	0.5284329420805779	0.5827439886845828
457	0.8873517424372936	0.8318800139518661
458	0.8873517424372936	0.835203366058906
459	0.9414829385421768	0.8682675814751286
460	0.6374769993277634	0.7004076086956521
461	0.9956761004948893	0.9427549194991055
462	0.514347578727573	0.6209150326797386
463	0.9076037267478887	0.8163194444444444
464	0.844549427063092	0.7466911764705882
465	0.9691370060187172	0.8695952957454168
466	0.79187034633686	0.7858585858585858
467	0.9646091710693199	0.8913194444444444
468	0.9076037267478887	0.8619505494505495
469	0.5774471273246495	0.7699214365881033
470	0.7793610520253602	0.7026262626262626
471	0.6551724137931034	0.6845679012345679
472	0.9125603171232064	0.796264268419232
473	0.4992146750017814	0.6519607843137255
474	0.8873517424372936	0.8243386243386244
475	0.5541747521332923	0.765
476	0.5416622045689438	0.7295173961840629
477	0.9461754798133026	0.8574862637362637
478	0.9319915992179293	0.8621399176954733
479	0.9125603171232064	0.7881944444444444
480	0.7980046766803777	0.7273449920508743
481	0.8609903249197006	0.7996422182468694
482	0.5883537154585707	0.6727430555555556
483	0.821806792213494	0.7438142367719833
484	0.8975650471009105	0.8571428571428572
485	0.9271911662068386	0.7936016511867905
486	0.5284329420805779	0.8132956152758133
487	0.9174764435054832	0.8238734090127279
488	0.5988482850117502	0.7076923076923076
489	0.4992146750017814	0.5825242718446602
490	0.5541747521332923	0.6554433221099888
491	0.5774471273246495	0.5847362514029181
492	0.7183503298689391	0.6562659846547314
493	0.9461754798133026	0.8517371861025111
494	0.8159613206419027	0.7703007518796993
495	0.8100474740065324	0.7142269736842105
496	0.6374769993277634	0.7411684782608696
497	0.7665088467352743	0.7110432125709297
498	0.5541747521332923	0.6879910213243546
499	0.8873517424372936	0.8081128747795414
500	0.3103448275862069	
501	0.6374769993277634	0.7375565610859729
502	0.7109982771938708	0.7638888888888888
503	0.6551724137931034	0.7173252279635258
504	0.9461754798133026	0.8995465643529822
505	0.8040627952853915	0.7345679012345678
506	0.5774471273246495	0.7807637906647807
507	0.7109982771938708	0.6612050739957717
508	0.7665088467352743	0.736796158882584
509	0.79187034633686	0.768888888888889
510	0.514347578727573	0.683495145631068
511	0.8159613206419027	0.6909090909090909
512	0.6187679968965227	0.7449392712550607
513	0.5883537154585707	0.6935763888888888
514	1.0	0.9368686868686869
515	0.9869454093223651	0.9114638447971781
516	0.9691370060187172	0.876577840112202
517	0.6958737892241017	0.7432950191570882
518	0.8873517424372936	0.770687237026648
519	0.8389555074743411	0.8039355992844365
520	0.8716834688310244	0.8135653409090909
521	0.9508336421036796	0.8434812521499828
522	1.0	0.9368686868686869
523	0.5416622045689438	0.5522875816993464
524	0.7856568535203525	0.7193129451193967
525	0.6720030510931558	0.7352272727272727
526	0.6187679968965227	0.7598784194528876
527	0.8924807936597976	0.7514025245441796
528	0.7396517102754736	0.6646341463414633
529	0.4992146750017814	0.7669902912621359
530	0.8389555074743411	0.7466911764705882
531	0.9223530810103051	0.8390092879256966
532	0.8716834688310244	0.8161841646320196
533	0.8555651138221345	0.7642857142857142
534	0.8100474740065324	0.7672932330827068
535	0.8924807936597976	0.7767195767195767
536	0.6551724137931034	0.6917562724014337
537	0.5541747521332923	0.6387755102040816
538	0.9414829385421768	0.8137221269296742
539	0.8159613206419027	0.7845451084887705
540	0.9271911662068386	0.8351648351648352
541	0.8100474740065324	0.773886562618957
542	0.8389555074743411	0.7945001858045336
543	0.6089742771670479	0.7132146204311153
544	0.688084522417356	0.6267045454545455
545	0.8555651138221345	0.7233345467783037
546	0.90260565645923	0.7652598535054064
547	0.8275862068965518	0.7978682908260373
548	0.9223530810103051	0.896978021978022
549	0.4645564122413648	0.7492063492063492
550	0.8555651138221345	0.788961038961039
551	0.9271911662068386	0.8347050754458162
552	0.9414829385421768	0.8506181318681318
553	0.7183503298689391	0.7316468253968254
554	0.6464411843037574	0.6610054347826086
555	0.3874506199137859	0.8598130841121495
556	0.9646091710693199	0.8755172413793103
557	0.4645564122413648	0.6825396825396826
558	0.4438959774554282	0.4953271028037384
559	0.982537541021308	0.9259391771019678
560	0.8389555074743411	0.7783036039315617
561	0.9076037267478887	0.801452784503632
562	0.7109982771938708	0.6537084398976982
563	0.9781005769323132	0.8895511921458625
564	0.9271911662068386	0.8688186813186813
565	0.7035087672755649	0.727840909090909
566	0.7035087672755649	0.7209302325581395
567	0.8500853738792595	0.8192640692640693
568	0.9125603171232064	0.828125
569	0.4438959774554282	0.7777777777777778
570	0.514347578727573	0.6621359223300971
571	0.8873517424372936	0.826996860830136
572	0.5988482850117502	0.734412955465587
573	0.6282601536997547	0.8043010752688172
574	0.8716834688310244	0.7255187477247906
575	0.4992146750017814	0.785007072135785
576	0.9319915992179293	0.8410027472527473
577	0.6801312170608141	0.7221590909090909
578	0.8159613206419027	0.7647506661591168
579	0.8275862068965518	0.7491435097068899
580	0.5284329420805779	0.611032531824611
581	0.9781005769323132	0.9368606701940035
582	1.0	0.9368686868686869
583	0.844549427063092	0.684132292827945
584	0.7035087672755649	0.7394636015325671
585	0.8924807936597976	0.7847924659923264
586	0.5660758098998504	0.6576879910213244
587	0.973633933161081	0.8667596791070806
588	0.9414829385421768	0.8751724137931034
589	0.5660758098998504	0.7285714285714286
590	0.4438959774554282	0.6222222222222222
591	0.41938888483339243	0.7028301886792453
592	0.7109982771938708	0.7411764705882353
593	0.6958737892241017	0.6380681818181818
594	1.0	0.9368686868686869
595	0.8159613206419027	0.7492050874403815
596	0.8924807936597976	0.7934782608695652
597	0.973633933161081	0.9016393442622951
598	0.9223530810103051	0.8295610425240054
599	0.7793610520253602	0.7038461538461538
600	0.8275862068965518	0.7023220403502093
601	0.5541747521332923	0.585
602	0.7035087672755649	0.6732954545454546
603	0.8821766879923103	0.7862433862433862
604	1.0	0.9368686868686869
605	0.8389555074743411	0.7469924812030075
606	0.9174764435054832	0.8231456043956044
607	0.8275862068965518	0.7061286638751427
608	0.9125603171232064	0.8524137931034483
609	0.3103448275862069	
610	0.4827586206896552	0.7165048543689321
611	0.9781005769323132	0.9109396914446003
612	0.3874506199137859	
613	0.688084522417356	0.7568181818181818
614	0.9646091710693199	0.9024558976132826
615	0.5541747521332923	0.6105499438832772
616	0.6551724137931034	0.7120047309284447
617	0.6551724137931034	0.7370923913043479
618	0.7665088467352743	0.69375
619	0.5988482850117502	0.7170138888888888
620	0.8500853738792595	0.7183203270159793
621	0.9319915992179293	0.8562068965517241
622	0.6374769993277634	0.7135258358662614
623	0.9125603171232064	0.8242174062607499
624	0.844549427063092	0.768838733163451
625	0.8716834688310244	0.7742397137745975
626	0.8716834688310244	0.8299005681818181
627	0.6089742771670479	0.6835016835016835
628	0.5660758098998504	0.7075
629	0.6720030510931558	0.6835227272727273
630	0.8663626033309346	0.8031746031746032
631	0.8389555074743411	0.7127461910070605
632	0.9271911662068386	0.8267581475128645
633	0.9319915992179293	0.8371056241426612
634	0.9461754798133026	0.8571428571428572
635	1.0	0.9368686868686869
636	0.9076037267478887	0.8610634648370498
637	0.514347578727573	0.6737864077669903
638	0.7396517102754736	0.7397590361445783
639	0.7109982771938708	0.6819923371647509
640	0.5883537154585707	0.6785379568884724
641	0.9367552456753432	0.8171526586620926
642	0.973633933161081	0.8864583333333333
643	0.4438959774554282	0.7047619047619047
644	0.7183503298689391	0.6966751918158568
645	0.5416622045689438	0.7553041018387553
646	0.7035087672755649	0.7253086419753086
647	0.3103448275862069	
648	0.6551724137931034	0.6802867383512545
649	0.973633933161081	0.896914446002805
650	0.6282601536997547	0.6982078853046595
651	0.6282601536997547	0.6473118279569893
652	0.9414829385421768	0.8691620879120879
653	0.7183503298689391	0.5858024691358025
654	0.6282601536997547	0.6413043478260869
655	0.9554581701334381	0.8810100311310965
656	0.8821766879923103	0.79375
657	0.9781005769323132	0.9047619047619048
658	0.9508336421036796	0.8600343053173242
659	0.8100474740065324	0.6848171701112877
660	0.90260565645923	0.7540983606557377
661	0.6464411843037574	0.6861702127659575
662	0.7665088467352743	0.6961538461538461
663	0.8769543698329305	0.7997896213183731
664	0.8555651138221345	0.7645796064400716
665	0.6187679968965227	0.7760416666666666
666	0.41938888483339243	0.5141509433962264
667	0.7665088467352743	0.6717590571802706
668	0.844549427063092	0.7756132756132756
669	0.9913247468321207	0.9090909090909091
670	0.8663626033309346	0.7801846590909091
671	0.5883537154585707	0.7010309278350515
672	0.8663626033309346	0.7894179894179894
673	0.6374769993277634	0.7013677811550152
674	0.9869454093223651	0.9172585227272727
675	0.973633933161081	0.9005291005291005
676	0.9271911662068386	0.7942896456828346
677	0.8924807936597976	0.7906976744186046
678	0.688084522417356	0.66875
679	0.7396517102754736	0.7612065354000838
680	0.4827586206896552	0.6394230769230769
681	0.8275862068965518	0.7742672249714503
682	0.7109982771938708	0.7432950191570882
683	0.9913247468321207	0.9194991055456172
684	0.5660758098998504	0.6879100281162136
685	0.7396517102754736	0.6946428571428571
686	0.7255722268549067	0.6897463002114165
687	0.5883537154585707	0.7392712550607288
688	0.8500853738792595	0.7610294117647058
689	1.0	0.9368686868686869
690	0.7255722268549067	0.7640603566529492
691	0.9600497821178198	0.8844690418540297
692	0.9869454093223651	0.9019400352733686
693	0.9913247468321207	0.9026988636363636
694	1.0	0.9368686868686869
695	0.6464411843037574	0.7096774193548387
696	0.688084522417356	0.6323863636363636
697	0.9691370060187172	0.8763888888888889
698	0.9461754798133026	0.8667582417582418
699	0.821806792213494	0.770345596432553
700	0.8821766879923103	0.7450284090909092
701	0.6720030510931558	0.6910148674854557
702	0.9646091710693199	0.8774305555555556
703	0.4438959774554282	0.7688679245283019
704	0.9508336421036796	0.8931165686613629
705	0.6551724137931034	0.6834008097165991
706	0.844549427063092	0.8132508190753549
707	0.5541747521332923	0.8076379066478077
708	0.9869454093223651	0.892063492063492
709	0.7856568535203525	0.747008547008547
710	0.9869454093223651	0.9139329805996472
711	0.6187679968965227	0.6946236559139785
712	1.0	0.9368686868686869
713	0.5988482850117502	0.6458333333333333
714	0.8159613206419027	0.7496240601503759
715	0.7729795815516807	0.723733583489681
716	0.5660758098998504	0.7091836734693877
717	0.9691370060187172	0.8779211719567492
718	0.7035087672755649	0.7068452380952381
719	0.973633933161081	0.9019881409138473
720	0.9913247468321207	0.9268465909090909
721	0.7183503298689391	0.7103174603174602
722	0.9367552456753432	0.8713991769547325
723	0.6720030510931558	0.7397989355410999
724	0.9646091710693199	0.8774305555555556
725	0.7255722268549067	0.6944444444444444
726	0.7793610520253602	0.7551282051282051
727	0.9271911662068386	0.8093103448275862
728	0.8873517424372936	0.820476858345021
729	0.7856568535203525	0.7347861842105263
730	0.8389555074743411	0.7746323529411765
731	0.9414829385421768	0.8646978021978022
732	0.6374769993277634	0.7417004048582996
733	0.7183503298689391	0.7140591966173362
734	0.5774471273246495	0.7424999999999999
735	0.9271911662068386	0.834478021978022
736	0.8040627952853915	0.7676767676767677
737	0.7465210565749489	0.6641651031894935
738	0.8275862068965518	0.7464788732394366
739	0.5988482850117502	0.5833333333333333
740	0.6187679968965227	0.6458966565349544
741	0.79187034633686	0.747008547008547
742	0.5774471273246495	0.7454031117397454
743	0.7665088467352743	0.7420262664165103
744	0.5883537154585707	0.6520408163265305
745	0.7035087672755649	0.8244047619047619
746	0.7109982771938708	0.7493606138107417
747	0.5883537154585707	0.7239583333333333
748	0.7980046766803777	0.798108552631579
749	0.8159613206419027	0.7735339506172839
750	0.4827586206896552	0.4571428571428572
751	0.3103448275862069	
752	0.8924807936597976	0.8250350631136045
753	0.9414829385421768	0.8054888507718696
754	0.6551724137931034	0.7382029734970912
755	0.7980046766803777	0.7269475357710652
756	0.4827586206896552	0.5817307692307692
757	0.6720030510931558	0.7141975308641975
758	0.4827586206896552	0.7572815533980582
759	0.6282601536997547	0.7068825910931174
760	0.9076037267478887	0.7989655172413793
761	0.5988482850117502	0.6883680555555556
762	0.6464411843037574	0.7382029734970912
763	0.8716834688310244	0.8068022440392707
764	0.9076037267478887	0.7628182769445413
765	0.8821766879923103	0.8395833333333333
766	0.7035087672755649	0.7045454545454546
767	0.514347578727573	0.7475728155339806
768	0.9125603171232064	0.8028846153846154
769	0.7980046766803777	0.7957074721780604
770	0.7326706453074445	0.7213883677298312
771	1.0	0.9368686868686869
772	0.8333017547621759	0.706015037593985
773	0.8100474740065324	0.6646464646464647
774	0.6958737892241017	0.7086419753086419
775	0.6551724137931034	0.6611111111111111
776	0.7396517102754736	0.6183132530120482
777	0.9646091710693199	0.8880362748517614
778	0.8389555074743411	0.7485569985569985
779	0.9174764435054832	0.8255172413793104
780	0.982537541021308	0.9161991584852734
781	0.9461754798133026	0.8823529411764706
782	0.9319915992179293	0.8928571428571429
783	0.6089742771670479	0.7363221884498481
784	0.8040627952853915	0.7058585858585859
785	0.7599449934622517	0.7666666666666666
786	0.41938888483339243	0.8666666666666667
787	0.8275862068965518	0.7714604236343366
788	0.7396517102754736	0.6666666666666667
789	0.6282601536997547	0.6050420168067228
790	0.6374769993277634	0.628419452887538
791	0.4645564122413648	0.5377358490566038
792	0.973633933161081	0.8561051539259772
793	0.8924807936597976	0.7938288920056101
794	0.688084522417356	0.7085227272727272
795	0.7183503298689391	0.7802579365079365
796	0.7255722268549067	0.7088293650793651
797	0.9367552456753432	0.87
798	0.8609903249197006	0.8121448863636364
799	0.6720030510931558	0.5927601809954751
800	0.8769543698329305	0.79296875
801	0.973633933161081	0.8743055555555556
802	0.9869454093223651	0.9236505681818181
803	0.5541747521332923	0.669024045261669
804	0.844549427063092	0.7064288368636195
805	0.5416622045689438	0.7298444130127298
806	1.0	0.9368686868686869
807	0.973633933161081	0.9288218793828892
808	0.5284329420805779	0.6817538896746818
809	0.5541747521332923	0.7306122448979592
810	1.0	0.9368686868686869
811	0.7035087672755649	0.7090479006505026
812	0.9869454093223651	0.9211647727272727
813	0.6374769993277634	0.6043010752688172
814	0.4645564122413648	0.7091346153846154
815	0.5660758098998504	0.725398313027179
816	0.6187679968965227	0.7393617021276595
817	0.8975650471009105	0.7826388888888889
818	0.8159613206419027	0.7071428571428571
819	0.9461754798133026	0.8499313186813187
820	0.5284329420805779	0.5625
821	0.8609903249197006	0.7492647058823529
822	0.5988482850117502	0.6649305555555556
823	0.4827586206896552	0.6640776699029126
824	1.0	0.9368686868686869
825	0.5660758098998504	0.6125
826	0.9554581701334381	0.8744379107575233
827	0.7729795815516807	0.7448405253283302
828	0.79187034633686	0.7345454545454546
829	0.8769543698329305	0.7485008818342151
830	0.9271911662068386	0.8186813186813187
831	0.9223530810103051	0.8391632373113854
832	0.41938888483339243	0.5660377358490566
833	0.7599449934622517	0.7215189873417722
834	0.7856568535203525	0.7393346379647749
835	0.8555651138221345	0.7957066189624329
836	0.41938888483339243	0.5660377358490566
837	0.8333017547621759	0.7769318614389037
838	0.7665088467352743	0.7091932457786116
839	0.8333017547621759	0.7160493827160495
840	0.9956761004948893	0.9194991055456172
841	0.8275862068965518	0.7712191358024691
842	0.9076037267478887	0.7869249394673123
843	0.982537541021308	0.8951612903225806
844	0.4827586206896552	0.741747572815534
845	0.5988482850117502	0.7621580547112462
846	0.5988482850117502	0.7534722222222222
847	0.8333017547621759	0.8147058823529412
848	0.3103448275862069	
849	0.8873517424372936	0.7608465608465609
850	0.6720030510931558	0.7162249515190692
851	0.7183503298689391	0.6721230158730158
852	0.5883537154585707	0.7422680412371134
853	0.9600497821178198	0.8640608785887236
854	0.9125603171232064	0.8765133171912833
855	0.514347578727573	0.7157001414427158
856	0.7183503298689391	0.6849104859335038
857	0.6089742771670479	0.703842549203374
858	0.844549427063092	0.7134168157423971
859	0.9691370060187172	0.9002441576560865
860	1.0	0.9368686868686869
861	0.9913247468321207	0.9240056818181819
862	0.5774471273246495	0.6418367346938776
863	0.9319915992179293	0.8312178387650085
864	0.90260565645923	0.7947916666666667
865	0.7980046766803777	0.7229938271604939
866	0.8275862068965518	0.7655119908641035
867	0.8609903249197006	0.6937229437229437
868	0.5883537154585707	0.5454545454545454
869	0.9600497821178198	0.8489655172413793
870	1.0	0.9368686868686869
871	0.9956761004948893	0.9194991055456172
872	0.9414829385421768	0.8336192109777015
873	0.8333017547621759	0.7041353383458646
874	0.9869454093223651	0.9279119318181819
875	0.8975650471009105	0.8168817579351239
876	0.7109982771938708	0.7367864693446089
877	0.8040627952853915	0.7615262321144673
878	0.4438959774554282	0.8632075471698113
879	0.7599449934622517	0.7865560890440856
880	0.90260565645923	0.8373071528751753
881	0.9600497821178198	0.8574887582151505
882	0.8609903249197006	0.796875
883	0.8609903249197006	0.7532467532467533
884	0.8924807936597976	0.7910708057202651
885	0.7396517102754736	0.7551807228915662
886	0.6720030510931558	0.7543632837750485
887	0.7255722268549067	0.7151807228915663
888	0.8500853738792595	0.7759197324414716
889	0.7035087672755649	0.6989946777054997
890	0.8159613206419027	0.7762345679012346
891	0.5284329420805779	0.67625
892	0.7856568535203525	0.7648026315789473
893	0.8500853738792595	0.7746323529411765
894	0.8040627952853915	0.7917329093799682
895	0.8924807936597976	0.7294532627865962
896	0.8924807936597976	0.7980467387513079
897	0.9271911662068386	0.8041166380789022
898	0.7532838820229355	0.6896551724137931
899	0.6089742771670479	0.6785379568884724
900	0.9600497821178198	0.8715277777777778
901	0.4992146750017814	0.6057692307692308
902	0.7465210565749489	0.6988742964352721
903	0.7109982771938708	0.7242966751918158
904	0.8555651138221345	0.7552028218694885
905	0.8924807936597976	0.7900244157656087
906	0.5416622045689438	0.7439886845827439
907	0.9646091710693199	0.8989583333333333
908	0.9869454093223651	0.8973544973544973
909	0.9414829385421768	0.8596912521440824
910	0.982537541021308	0.8997194950911641
911	0.7255722268549067	0.6781183932346724
912	0.3103448275862069	
913	0.6636879574468828	0.7380248373743348
914	0.5416622045689438	0.74875
915	0.90260565645923	0.7760725497035228
916	0.6374769993277634	0.8009510869565217
917	0.8609903249197006	0.7749552772808587
918	0.9076037267478887	0.8187478381182982
919	0.6801312170608141	0.7529411764705882
920	0.6282601536997547	0.7154121863799283
921	0.7035087672755649	0.740909090909091
922	0.6282601536997547	0.7622282608695652
923	0.4438959774554282	0.7596153846153846
924	0.4438959774554282	0.692063492063492
925	0.6464411843037574	0.75
926	0.8873517424372936	0.7368607954545454
927	0.3874506199137859	0.8598130841121495
928	0.688084522417356	0.6338259441707718
929	0.9076037267478887	0.8298166724316846
930	0.973633933161081	0.8902777777777777
931	0.9600497821178198	0.8732638888888888
932	0.5988482850117502	0.7057169634489222
933	1.0	0.9368686868686869
934	0.7665088467352743	0.76298559580969
935	0.5416622045689438	0.6011315417256011
936	0.8100474740065324	0.7373737373737373
937	0.8769543698329305	0.8306107954545454
938	0.688084522417356	0.6865759905381431
939	0.8716834688310244	0.8095238095238095
940	0.5988482850117502	0.6831597222222222
941	0.6636879574468828	0.8351648351648352
942	0.9223530810103051	0.7973901098901099
943	0.5988482850117502	0.7413308341143392
944	0.90260565645923	0.8190937391905915
945	0.9223530810103051	0.8209876543209876
946	0.6464411843037574	0.696048632218845
947	0.8769543698329305	0.8182468694096601
948	0.514347578727573	0.7241867043847242
949	0.7793610520253602	0.7865953947368421
950	0.8609903249197006	0.7488168911539861
951	0.8333017547621759	0.7925390178911306
952	0.8040627952853915	0.7694753577106519
953	0.4992146750017814	0.7524038461538461
954	0.6551724137931034	0.6161684782608696
955	0.9956761004948893	0.9368686868686869
956	0.41938888483339243	0.4386792452830188
957	0.7396517102754736	0.6592261904761905
958	0.9076037267478887	0.7712418300653595
959	0.79187034633686	0.8075657894736842
960	0.9600497821178198	0.8659722222222223
961	0.9076037267478887	0.8111455108359134
962	0.5284329420805779	0.585
963	0.7396517102754736	0.7088293650793651
964	0.9691370060187172	0.8904778514126265
965	0.9223530810103051	0.8109777015437393
966	0.8389555074743411	0.778149386845039
967	0.3103448275862069	
968	0.9125603171232064	0.8329861111111111
969	0.5416622045689438	0.6625
970	0.8555651138221345	0.839825263924281
971	0.688084522417356	0.7024456521739131
972	0.9646091710693199	0.8673611111111111
973	0.8716834688310244	0.7785330948121646
974	0.5774471273246495	0.6476101218369259
975	0.6958737892241017	0.7170454545454545
976	0.3103448275862069	
977	0.9319915992179293	0.8379120879120879
978	0.5416622045689438	0.7902912621359224
979	0.8555651138221345	0.764221824686941
980	0.7255722268549067	0.6073863636363637
981	1.0	0.9368686868686869
982	0.9319915992179293	0.8895368782161235
983	0.7396517102754736	0.678646934460888
984	0.6551724137931034	0.7647058823529411
985	0.4645564122413648	0.8
986	0.9869454093223651	0.9146384479717813
987	0.9600497821178198	0.8551771585827314
988	0.9076037267478887	0.831043956043956
989	0.9600497821178198	0.8241758241758241
990	0.4827586206896552	0.584126984126984
991	0.41938888483339243	0.6448598130841121
992	0.8500853738792595	0.8082289803220035
993	0.6958737892241017	0.7248081841432226
994	0.7980046766803777	0.7349537037037037
995	0.8769543698329305	0.7815568022440393
996	0.7465210565749489	0.6955909943714822
997	0.6720030510931558	0.6404494382022472
998	0.4827586206896552	0.6310679611650485
999	0.8100474740065324	0.8305283757338552
native	1.0	0.9368686868686869
