		Lan-Vero	Lan-Huh7
161	240	0.7658947135217783	
241	320	0.29049547215090593	
321	400	0.7281918983081088	
401	480	0.4833559153630414	
481	560	0.09471081340958204	
561	640	0.6723172773009362	
630	801		0.6648229616350444
641	720	0.15864786088630944	
721	800	0.13368264635425187	
801	880	0.01963108418588773	
961	1040	0.1301798761191906	
1036	1201		0.689178729464871
1041	1120	0.6078783299212563	
1121	1200	0.5968660329315335	
1201	1280	0.6421479826222606	
1281	1360	0.29883259761239467	
1431	1598		0.6630321568204351
1441	1520	0.022800852868772085	
1521	1600	0.5211961375498568	
1601	1680	0.23929788283386516	
1681	1760	0.3099478405804106	
1761	1840	0.23851737379645543	
1841	1920	0.8538095577489339	
2001	2080	0.07282189656764264	
2049	2222		0.6343422898739528
2081	2160	-0.05038606787447074	
2161	2240	0.4065940911712294	
2241	2320	0.14545848244448215	
2321	2400	0.40175139405708443	
2401	2480	0.0725965904661372	
2454	2620		0.573402569991978
2481	2560	0.5165071074676139	
2561	2640	0.510575909923535	
2641	2720	0.16097259599989588	
2648	2779		0.7583102284364963
2721	2800	0.019014487824203903	
2801	2880	0.2736137512690039	
2856	3009		0.7956180718209492
2881	2960	-0.19346646112797813	
2961	3040	0.1437242722166181	
3041	3120	0.2403730906715946	
3121	3200	0.504798519248501	
3201	3280	0.3828066426158455	
3281	3360	0.05230362860108925	
3361	3440	0.18531805768463552	
3441	3520	0.07003686635914107	
3450	3614		0.6226835479110826
3521	3600	0.41679360767692997	
3601	3680	0.08169460316740024	
3635	3805		0.37404091343318385
3681	3760	0.016847299487773863	
3841	3920	-0.033235496615029954	
3921	4000	0.07660681190959477	
4001	4080	0.27824353961623494	
4081	4208		0.6478386209992769
4161	4240	0.2787602325546899	
4231	4418		0.48918531259841064
4241	4320	0.06926957360687877	
4321	4400	0.09419635221980863	
4401	4480	0.2816597461021573	
4481	4560	0.42675807640144603	
4561	4640	0.19671798609227542	
4641	4720	0.4446956928872382	
4652	4779		0.7204626029559965
4721	4800	0.24799848611380215	
4801	4880	0.3425043713745183	
4881	4960	0.33762793601940627	
4961	5040	0.0719930040201375	
5041	5120	0.26555101385519314	
5053	5202		0.7438614206513289
5121	5200	0.3390847941814547	
5201	5280	0.08493803562702881	
5281	5360	0.3405610289483261	
5361	5440	0.18339759593974347	
5441	5520	0.5196173218790976	
5465	5610		0.5976826273094639
5521	5600	0.23209499288782798	
5601	5680	0.2006523030503134	
5637	5806		0.2628486326710532
5681	5760	0.34853120304994545	
5761	5840	0.08446611029057735	
5841	5920	0.31940302138017285	
5921	6000	0.3381772835932156	
6040	6212		0.6328767405569758
6081	6160	0.4158511661452519	
6161	6240	0.19150955330825759	
6241	6320	0.43033171848665963	
6321	6400	0.176901894490314	
6401	6480	0.39722362099047853	
6437	6617		0.7125618932749468
6481	6560	0.3774428057876585	
6561	6640	0.20452912548108396	
6641	6720	0.3513103532331645	
6721	6800	0.14393619890337772	
6801	6880	0.21984800670299118	
6961	7040	0.5670791462764355	
7033	7219		0.38612043530278184
7041	7120	0.4035185671682041	
7201	7280	-0.06221352138661876	
7281	7360	-0.08004501783708402	
7361	7440	0.33110546269641994	
7438	7610		0.5306769257867759
7441	7520	-0.060717828447194755	
7521	7600	-0.16806626989881493	
7601	7680	0.02593018131189689	
7681	7760	0.0806339646072195	
7761	7840	0.2343292734273174	
7841	7920	0.34623201815940885	
7921	8000	0.4288459954625909	
8001	8080	0.31016824863383713	
8081	8160	0.2823196543725246	
8161	8240	-0.03951273673763156	
8241	8320	0.10110024888098054	
8270	8386		0.2529702175109529
8321	8400	-0.016514874076147157	
8401	8480	0.04704440578441654	
8481	8560	-0.30725537345630477	
8561	8640	-0.3831326620722273	
8641	8720	0.5016380414712633	
8721	8800	0.17220638096386343	
8801	8880	0.23175520965272006	
8831	8999		0.6656061263790873
8881	8960	-0.06701624734975808	
8961	9040	0.21833806379324094	
9041	9120	0.6542060901362806	
9201	9280	-0.3632491083164374	
9242	9407		0.5098843283675218
9281	9360	0.05962656171993195	
9361	9440	0.4713642635739869	
9441	9520	0.6022708231949374	
9521	9600	0.40303298935871945	
9601	9680	0.01857845801018898	
9681	9760	0.10732996674569127	
9761	9840	0.24172212392456688	
9841	9920	0.31417552403682913	
9870	10017		0.602036473942824
9921	10000	0.27364014388511526	
10001	10080	-0.008516552709802594	
10161	10240	0.2722246427820405	
10241	10320	0.3912652082430056	
10321	10400	0.06570004026458054	
10401	10480	0.43881147714403207	
10446	10616		0.3255511012770965
10481	10560	-0.20030780972888632	
10561	10640	0.2874220158359987	
10631	10810		0.4828139744514934
10641	10720	0.3218733992951362	
10721	10800	-0.16020400017493422	
10801	10880	0.3951076186348276	
10832	11005		0.6202944729500659
11041	11120	0.23548959080086207	
11121	11200	0.08659324102812313	
11201	11280	0.2839473006797934	
11249	11375		0.6949096009670657
11281	11360	0.3238081535587725	
11361	11440	0.45388263118788147	
11441	11520	0.33504253519095034	
11521	11600	0.35833407275780543	
11601	11680	0.33040097357258086	
11656	11804		0.5982765815415845
11761	11840	0.11470467239804855	
11830	12018		0.4654624114152664
11841	11920	0.483581202647389	
11921	12000	0.02639619696499202	
12048	12217		0.339143575016257
12081	12160	-0.22226176356038704	
12161	12240	-0.23635088868413343	
12241	12320	0.34605046023855945	
12401	12480	0.38902850064685024	
12442	12609		0.5608178136870763
12561	12640	-0.19518247969411215	
12641	12720	0.09611398222218948	
12721	12800	0.03315211523049079	
12842	13022		0.47265226258355414
12961	13040	0.29957019762960596	
13041	13120	0.2889639286024552	
13121	13200	0.06575323209577665	
13201	13280	0.012240374550305	
13247	13423		0.6603808183375794
13361	13440	0.5927911173606987	
13434	13601		0.5255008152628767
13441	13520	0.2145513022114683	
13521	13600	-0.19188688125344233	
13681	13760	0.30739112465918933	
13761	13840	0.14648345729051548	
13832	14003		0.71026285892811
13841	13920	0.1336210960725165	
13921	14000	0.22709007726658997	
14001	14080	0.03087524484148048	
14033	14181		0.7663499199935023
14081	14160	0.5718186645379164	
14161	14240	0.35068940247751107	
14234	14401		0.2979987519220477
14241	14320	-0.02070267743209941	
14321	14400	0.04221670561501883	
14401	14480	0.33580985755614023	
14481	14560	0.356660918941648	
14561	14640	0.14201912598178557	
14641	14720	-0.23933800377229233	
14667	14763		0.4266103505319774
14721	14800	0.19753433633188702	
14801	14880	0.25538165667347934	
14881	14960	0.04952593236845292	
14901	15002		0.5444812290280622
14961	15040	0.2817925979188382	
15201	15280	-0.03563765131747665	
15239	15407		0.715127906606372
15281	15360	0.025616966660705953	
15361	15440	0.22451837776135644	
15441	15520	0.09782168890598308	
15445	15597		0.5480695083130573
15521	15600	0.3647953710420675	
15601	15680	0.3255634586880314	
15681	15760	0.198164296933476	
15841	15920	0.39032618833352817	
15921	16000	0.4467540201239774	
16001	16080	-0.18449249736281642	
16031	16212		0.6640055801164654
16081	16160	0.20091637888370217	
16161	16240	0.13369256975522542	
16233	16408		0.6883560265854091
16241	16320	-0.1079984485229659	
16321	16400	0.16015491802280113	
16401	16480	0.37397804847877913	
16440	16609		0.08028485132484178
16561	16640	-0.008583732589407537	
16641	16720	0.10221857143043993	
16660	16764		0.14618964764912634
16721	16800	-0.02721510077182844	
16801	16880	0.2600491298414295	
16881	16960	0.09742661633564288	
16961	17040	0.03913260929682516	
17041	17120	0.4819798341766186	
17058	17179		0.6604432050641197
17121	17200	0.7161598260219727	
17268	17411		0.5009277820347658
17281	17360	-0.05761431114184886	
17361	17440	0.08812892418819047	
17521	17600	0.4449795130307634	
17601	17680	0.16177471047911537	
17652	17818		0.5801138793482329
17681	17760	0.05762511571418759	
17761	17840	0.10234578449581572	
17841	17920	0.3762056236598199	
17921	18000	-0.13015641524466834	
18241	18320	0.2573159913312974	
18467	18596		0.6357952095455939
18481	18560	0.08017011454661213	
18561	18640	0.04567357268888682	
18638	18800		0.39518412264788527
18641	18720	0.02052890434790997	
18721	18800	0.15538976626224124	
18801	18880	0.20837132645287093	
18881	18960	0.2539933461099228	
18961	19040	0.21346233485295646	
19041	19120	-0.022250851609442186	
19047	19213		0.11118703447934092
19121	19200	0.04785067097443341	
19201	19280	0.3528185205368091	
19250	19363		0.740046515285167
19281	19360	-0.22199455239936397	
19361	19440	0.17917265571611538	
19441	19520	0.3313371881103128	
19488	19606		0.8087356417167183
19761	19840	0.27009170316280434	
20001	20080	-0.3200123217293767	
20036	20217		0.7378472439567269
20241	20320	0.3888929740075917	
20321	20400	0.2262586485960466	
20641	20720	0.09282567204385611	
20881	20960	0.1581319354136954	
20885	20990		0.44051316307345123
21038	21216		0.7436660048926496
21121	21200	0.26846553786908856	
21201	21280	0.28355130187640476	
21240	21377		0.5614572013660366
21281	21360	0.18147404642072346	
21361	21440	0.35433351581765676	
21441	21520	-0.007506929032985886	
21521	21600	-0.12338538070813757	
21645	21800		0.6708080906991085
21681	21760	-0.022332908290887736	
21761	21840	0.34001850400840955	
21841	21920	0.28514720092748813	
21921	22000	-0.12559383956156517	
22001	22080	0.08002449204773053	
22081	22160	0.1962873572868729	
22321	22400	0.2061934167444946	
22401	22480	0.049804250555285284	
22481	22560	0.3588214305800065	
22561	22640	0.6479890217532518	
22641	22720	0.4765625350247542	
22721	22800	0.3388808575148886	
22801	22880	0.34398551429530005	
22881	22960	0.21898057142903002	
22961	23040	0.17304113855629755	
23041	23120	0.4963363939199105	
23121	23200	0.016263762691843896	
23201	23280	-0.04242428587427028	
23281	23360	-0.2469898159250204	
23361	23440	0.41756027500122317	
23439	23605		0.5458985910610451
23441	23520	-0.0934057926394821	
23601	23680	0.1489602610293042	
23639	23807		0.7837356186667642
23761	23840	0.28133690535808675	
23841	23920	0.17234984278119123	
23921	24000	0.42578554731929497	
24001	24080	0.4935074012614895	
24066	24205		0.6048919853984911
24081	24160	0.31924293635228435	
24161	24240	0.32195648795266657	
24241	24320	0.6212130576985592	
24321	24400	-0.006313253399131066	
24401	24480	-0.02237203527585919	
24481	24560	0.11718670426359219	
24561	24640	0.1773054363507748	
24641	24720	0.2891628272729434	
24721	24800	0.3470191999693847	
24801	24880	0.6248805891440573	
24841	24961		0.6354798210389355
24881	24960	0.2187367537746234	
25041	25120	0.04728033916362044	
25121	25200	0.11599378909412188	
25201	25280	-0.10188197098020384	
25361	25440	0.6259753336851072	
25441	25520	0.5917800989863593	
25521	25600	0.40849278253129484	
25601	25680	0.39001945934563925	
25634	25813		0.7155335098874579
25681	25760	0.4339701893859184	
25761	25840	0.13090532392158044	
25841	25920	0.5449809001955881	
25921	26000	0.6775709074991181	
26001	26080	0.5082586640966005	
26081	26160	0.7248815511951062	
26131	26207		0.6156258727907401
26161	26240	0.04011362907499232	
26235	26412		0.753955631686654
26321	26400	0.14384297341836674	
26401	26480	0.501452064554635	
26471	26619		0.6320478732341253
26481	26560	0.5659347931756414	
26561	26640	0.5826681230094312	
26641	26720	0.26182280197067287	
26721	26800	-0.0858523577002461	
26801	26880	0.1905430751811097	
26881	26960	0.6942807879214868	
26961	27040	0.32447801237190205	
27041	27120	0.16352723451714285	
27201	27280	-0.042581593777582874	
27281	27360	0.2761467729725823	
27361	27440	-0.11803695813978536	
27441	27520	0.3973938382356828	
27601	27680	0.4496421041307662	
27648	27795		0.6772510557593407
27681	27760	0.11803888742975084	
27761	27840	0.011805605911700167	
27841	27920	0.6973054268026573	
27921	28000	0.4566947479825488	
28001	28080	0.14817253326834529	
28071	28209		0.674425195676866
28081	28160	0.5286778891370205	
28161	28240	0.8338203189915344	
28241	28320	0.224026083137265	
28321	28400	0.3717836832946339	
28401	28480	0.4631604402031817	
28443	28620		0.628144868604735
28481	28560	0.40841231654419785	
28561	28640	0.3219583367084936	
28641	28720	0.3055598407430646	
28648	28812		0.7917645948965244
28721	28800	0.20425094134736943	
28801	28880	0.36563823490063085	
28881	28960	0.5545608866829373	
28961	29040	0.7888112897225383	
29037	29209		0.7450990054889411
29041	29120	0.5521270966935895	
29121	29200	0.2040582762529688	
29201	29280	0.18938501221564139	
29281	29360	0.30371016455959754	
29361	29440	0.5486851921211505	
29441	29520	0.36642554285328965	
29521	29600	0.7985491214036183	
29601	29680	0.0812482772952485	
29681	29760	-0.1498620602706832	
29761	29840	0.3270251305048234	
