	Lan-Huh7	Lan-Vero	Lan-Vero-1	Lan-Vero-2	Manfredonia-vitro	Manfredonia	Huston	Sun	Sun-vitro
Lan-Huh7	1.0	0.8629122406372827	0.8629122406372827	0.8629122406372827	0.7413940736804628	0.7826110611997824	0.8089318767198664	0.8080434110062302	0.8080434110062302
Lan-Vero	0.8629122406372827	1.0	1.0	1.0	0.7717325767092607	0.8118772343903462	0.8125211668373891	0.8106394660994158	0.8106394660994158
Lan-Vero-1	0.8629122406372827	1.0	1.0	1.0	0.7717325767092607	0.8118772343903462	0.8125211668373891	0.8106394660994158	0.8106394660994158
Lan-Vero-2	0.8629122406372827	1.0	1.0	1.0	0.7717325767092607	0.8118772343903462	0.8125211668373891	0.8106394660994158	0.8106394660994158
Manfredonia-vitro	0.7413940736804628	0.7717325767092607	0.7717325767092607	0.7717325767092607	1.0	0.8177664517705373	0.7187705516741223	0.7712301907963849	0.7712301907963849
Manfredonia	0.7826110611997824	0.8118772343903462	0.8118772343903462	0.8118772343903462	0.8177664517705373	1.0	0.7636292632001576	0.8081595023082981	0.8081595023082981
Huston	0.8089318767198664	0.8125211668373891	0.8125211668373891	0.8125211668373891	0.7187705516741223	0.7636292632001576	1.0	0.8163302276514104	0.8163302276514104
Sun	0.8080434110062302	0.8106394660994158	0.8106394660994158	0.8106394660994158	0.7712301907963849	0.8081595023082981	0.8163302276514104	1.0	1.0
Sun-vitro	0.8080434110062302	0.8106394660994158	0.8106394660994158	0.8106394660994158	0.7712301907963849	0.8081595023082981	0.8163302276514104	1.0	1.0
