	Lan-Huh7	Lan-Vero	Lan-Vero-1	Lan-Vero-2	Manfredonia-vitro	Manfredonia	Huston	Sun	Sun-vitro
150						1.462	0.010571	0.003	0.037
151	0.00093	0.01338	0.01216	0.01455	0.069	0.106	0.059904	0.013	0.016
152						0.15	0.071357	0.042	0.063
153						0.04	0.014976	0.0	0.025
154						0.131	-0.026722	0.007	0.021
155						0.052	0.303926	0.133	0.061
156	0.00814	0.01633	0.01476	0.01986	0.666	0.13	0.007929	0.014	0.011
157	0.00196	0.01463	0.01387	0.01628	0.103	0.043	0.052563	0.074	0.065
158	0.00316	0.0086	0.00958	0.01005	0.152	0.071	-0.004992	0.001	0.009
159						0.036	0.057555	0.0	0.0
160						0.253	0.157983	0.111	0.062
161	0.01595	0.02274	0.02727	0.03	0.674	0.274	-0.017325	0.088	0.014
162	0.02797	0.04916	0.05725	0.07217	1.952	0.055	0.03377	0.476	0.145
163	0.00119	0.00881	0.01056	0.00952	0.26	0.099	0.014682	0.014	0.032
164	0.00187	0.0123	0.01482	0.01618	0.169	0.595	0.052269	0.017	0.06
165						0.383	0.160038	0.018	0.107
166	0.00189	0.00953	0.01164	0.01065	0.182	0.191	-0.053444	0.003	0.146
167						0.468	0.002643	0.027	0.038
168						0.747	0.387616	0.161	0.16
169	0.03657	0.03171	0.0315	0.04779	1.238	0.636	-0.020262	0.3	0.316
170	0.03192	0.02982	0.03095	0.03756	1.49	0.876	-0.063722	0.066	0.084
171	0.00071	0.00947	0.01122	0.01	0.065	0.096	0.016738	0.117	0.263
172						0.116	-0.04992	0.0	0.037
173	0.00112	0.01567	0.01477	0.02189	0.098	0.319	0.199974	0.105	0.122
174						4.042	2.240243	0.907	0.429
175						0.071	0.198506	0.038	0.136
176	0.00089	0.01251	0.01421	0.01312	0.063	2.723	0.152403	0.011	0.029
177						0.022	0.062841	0.215	0.133
178	0.00252	0.01088	0.01133	0.01142	0.119	0.133	-0.000587	0.028	0.097
179						0.03	0.054325	0.019	0.048
180	0.0009	0.01301	0.01329	0.01456	0.077	0.144	0.109531	0.022	0.035
181						0.325	-0.072825	0.081	0.109
182						0.131	0.101015	0.002	0.206
183	0.00087	0.01253	0.01235	0.01458	0.069	0.021	0.05873	0.002	0.38
184						0.066	0.094261	0.12	0.229
185						0.449	0.289831	0.236	0.313
186	0.0486	0.06795	0.0654	0.07757	1.31	0.257	1.574542	0.583	0.399
187	0.02974	0.03438	0.03785	0.04826	1.315	2.184	0.051095	0.756	0.098
188						0.159	0.034063	0.0	0.0
189						0.019	-0.052857	0.0	0.032
190	0.00056	0.00978	0.00996	0.00975	0.066	0.009	0.080166	0.0	0.002
191						0.031	-0.027603	0.006	0.183
192						0.038	-0.113642	0.002	0.608
193	0.00059	0.00976	0.00985	0.00934	0.065	0.026	0.023786	0.036	0.085
194						0.242	0.062253	0.447	0.202
195						0.305	0.234038	0.485	0.207
196	0.00266	0.00621	0.00516	0.00796	0.145	0.091	-0.073999	0.018	0.072
197	0.00072	0.01038	0.01029	0.01042	0.074	0.04	0.055793	0.005	0.168
198						0.081	0.013801	0.001	1.0
199						1.064	0.032301	0.016	0.29
200						0.531	0.083396	0.156	0.24
201						1.192	1.611248	1.0	0.966
202							0.833961	0.466	0.589
203	0.03364	0.0552	0.04485	0.06511	0.865	1.41	2.018832	0.464	0.17
204						2.611	0.513884	0.383	0.385
205						1.385	0.806358	1.0	0.209
206	0.00065	0.01288	0.01187	0.01375	0.066	0.377	0.162387	0.0	0.093
207	0.00121	0.01612	0.01136	0.02426	0.089	0.04	0.100134	0.016	1.0
208						0.276	-0.008809	0.0	0.28
209						1.337	0.217593	0.007	0.128
210						4.263	0.497147	1.0	0.235
211						0.541	0.262815	0.131	0.0
212						0.476	0.28895	0.118	0.004
213						0.015	-0.071944	0.011	0.01
214	0.00078	0.00989	0.0102	0.01036	0.066	0.011	0.075468	0.0	0.011
215	0.00254	0.00576	0.00511	0.00794	0.256	0.0	0.00646	0.006	0.019
216						0.0	0.008809	0.0	0.02
217	0.00063	0.01634	0.01669	0.01575	0.073	0.011	0.031127	0.0	0.411
218	0.00178	0.01233	0.00768	0.02182	0.086	0.0	0.036119	0.0	0.072
219						0.016	0.091031	0.064	1.0
220	0.01503	0.02112	0.0158	0.02871	0.591	0.071	0.013801	0.36	0.928
221						0.042	0.062253	0.318	0.324
222	0.03921	0.04589	0.03417	0.05964	1.084	0.267	0.601685	0.554	0.239
223	0.04324	0.04729	0.0378	0.0516	1.28	1.09	0.002056	0.727	0.213
224						0.099	1.176649	0.132	0.043
225		0.01271	0.01056	0.01632	0.087	0.029	0.1433	0.023	0.0
226		0.01063	0.01056	0.0119	0.231	0.078	-0.064896	0.0	0.0
227						0.079	-0.042579	0.0	0.0
228		0.01306	0.01221	0.0154	0.075	0.045	0.025254	0.021	0.0
229		0.00721	0.00768	0.0093	0.213	0.113	-0.008809	0.0	0.0
230		0.01008	0.01028	0.01147	0.065	0.032	0.074587	0.176	0.0
231		0.009	0.00921	0.00847	0.165	0.096	0.009984	0.025	0.007
232						0.256	0.030246	0.016	0.006
233		0.01131	0.01188	0.01362	0.064	0.257	0.090737	0.051	0.009
234						4.271	1.525796	0.065	0.058
235		0.03268	0.03167	0.04771	0.932		0.090737	0.643	0.291
236						0.377	0.209665	0.031	0.03
237						1.193	-0.007048	0.021	0.035
238						2.46	0.159157	0.092	0.137
239						2.443	1.959221	0.943	0.817
240						1.351	0.752914	0.199	0.414
241		0.0488	0.04523	0.06608			2.93061	0.398	0.704
242						1.332	0.364711	0.179	0.518
243						0.545	0.496559	0.209	0.718
244	0.00062	0.01095	0.01322	0.0137	0.077	0.055	0.08692	0.0	0.003
245	0.00055	0.0159	0.01164	0.02356	0.111	0.044	0.221704	0.0	0.0
246						0.063	0.128324	0.003	0.012
247						0.05	-0.039055	0.0	0.009
248						0.047	0.039936	0.0	0.04
249						0.104	0.038174	0.0	0.009
250						0.018	0.003524	0.0	0.006
251						0.087	0.063722	0.001	0.009
252						0.082	0.103364	0.099	0.148
253	0.00334	0.01222	0.01385	0.01432	0.289	0.215	-0.016444	0.0	0.02
254	0.00086	0.00933	0.00955	0.01014	0.069	0.026	-0.017032	0.004	0.038
255	0.0008	0.01665	0.00955	0.02286	0.105	0.081	0.075761	0.039	0.069
256						1.044	0.252244	0.063	0.098
257	0.04186	0.03478	0.02709	0.0411	0.976	1.622	0.14888	1.0	0.702
258	0.03308	0.03017	0.0235	0.03221	0.784	0.21	0.050508	0.684	0.367
259	0.04316	0.03792	0.03067	0.04144	1.341	1.574	0.012627	0.118	0.182
260						0.111	0.013508	0.01	0.012
261						0.065	0.136546	0.001	0.014
262						0.089	0.063428	0.002	0.012
263	0.00349	0.0092	0.00731	0.00986	0.12	0.011	0.00323	0.002	0.004
264	0.00292	0.00841	0.00678	0.00857	0.107	0.034	0.004111	0.0	0.0
265						0.035	0.010278	0.02	0.074
266	0.00372	0.00922	0.00845	0.00889	0.179	0.027	-0.022317	0.0	0.0
267						0.053	-0.052563	0.0	0.0
268						0.049	0.049627	0.0	0.0
269						0.05	0.081047	0.0	0.0
270	0.03276	0.04121	0.03078	0.0441	1.942	0.14	-0.002936	0.004	0.007
271						0.022	0.10542	0.0	0.016
272	0.00456	0.01059	0.00915	0.01101	0.431	0.113	-0.004698	0.0	0.007
273						0.1	0.01527	0.0	0.0
274	0.01821	0.02746	0.01853	0.02785	0.595	0.027	-0.002936	0.0	0.0
275	0.00083	0.01687	0.00939	0.01834	0.063	0.042	0.058142	0.0	0.0
276						0.175	0.113936	0.005	0.018
277						0.152	0.115404	0.007	0.018
278						0.224	0.077229	0.016	0.034
279						0.83	-0.003524	0.001	0.048
280	0.00933	0.02247	0.01525	0.02112	0.489	0.145	0.127443	0.023	0.018
281	0.00105	0.01918	0.01066	0.02163	0.127	0.083	-0.032008	0.003	0.058
282	0.00114	0.03379	0.01387	0.04485	0.089	0.175	0.073706	0.009	0.103
283						1.015	0.219355	0.006	0.1
284						1.226	0.451044	0.174	0.311
285						3.491	1.074753	0.366	0.071
286						0.957	0.22699	0.647	0.207
287						1.277	1.123205	0.732	0.436
288						3.508	0.202617	0.137	0.087
289	0.00116	0.0145	0.01071	0.01542	0.077	0.06	0.204966	0.133	0.144
290	0.00261	0.00954	0.00773	0.00968	0.187	0.085	-0.033182	0.092	0.092
291	0.00234	0.00981	0.00734	0.01029	0.235	0.085	-0.011159	0.007	0.134
292	0.00094	0.01131	0.009	0.01304	0.072	0.089	0.177657	0.001	0.105
293						0.282	0.285426	0.0	0.001
294	0.00676	0.0115	0.01065	0.01225	0.343	0.219	1.129959	1.0	0.018
